columns = [.001 .01 .03 .1 .3 1 3 0;
            .01 .03 .1 .3 1 3 0 0;
            .003 .01 .03 .1 .3 1 3 10;
            .001 .01 .1 1 10 0 0 0];
rows = [.5 1 2 5 0 0;
        2 20 0 0 0 0;
        0 .5 .7 .9 .95 0;
        0 .5 .7 .9 .95 .99];